5085	0	0	0	0	0	0	0	0	0	0	0	0.578125	0	0
18198	0	0	0	0	0	0	0	0	0	0	0	0	0	1
38498	0	0	0	0	0.00847457627118644	0	0	0	0	0	0	1	0	0
271102	0	0	0	0	0	0	0	0.00740740740740741	0	0	0	0	0	0.322314049586777
341208	0.192307692307692	0	0	0	0	0	0	0	0	0	0	0	0	0
475693	0.462222222222222	0.54639175257732	0.604938271604938	0.558823529411765	0.574850299401198	0.569105691056911	0.492610837438424	0.564655172413793	0.468599033816425	0.5	0.466101694915254	0.575916230366492	0.543689320388349	0.537444933920705
583130	0	0	0	0	0	0	0	0	0	0	0	0	0	1
588913	0	0	0	0	0	0	0	0	0	0	0	0	1	0
593051	0	0	0	0	0	0	0.00819672131147541	0	0	0	0	0	0	1
593185	0	0	1	0	0	0	0	0	0	0	0	0.982758620689655	0	0
935360	0	0	0	0	0	0	0	0	0	0	0	0	0	1
1074013	0.151785714285714	0.203947368421053	0.162162162162162	0.0841121495327103	0.226950354609929	0	0.00680272108843537	0.00735294117647059	0	0	0	1	0.152777777777778	0.0710059171597633
1180465	0	0	0	0	0	0	0	0	0	0	0	0.576923076923077	0	0
1269430	0.010752688172043	0	1	0	0.0102040816326531	0	0	0.0247933884297521	0	0	0.010752688172043	1	0	1
1455755	0.0296296296296296	0.210144927536232	1	0	0	0.0113636363636364	0	0.00709219858156028	0	0	0	1	1	1
1597297	0	0	0.966666666666667	0	0	0	0	0.00740740740740741	0	0	0	1	0	0
2170779	0	0.00900900900900901	1	0	0	0	0	0	0	0	0	0	0	0
2283956	0	0.010752688172043	0.976744186046512	0	0	0	0	0	0	0.02	0	1	0	0
2284211	0	0.00900900900900901	0	0	0	0	0.0087719298245614	0	0	0	0	0.00892857142857143	0	1
2357336	0.056	0.222222222222222	1	0	0	0.0103092783505155	0	0	0	0	0	1	1	1
2377510	0	0	0	0	0	0	0	0	0.008	0	0	1	0	0
2439731	0	0	0	0	0	0	0.192307692307692	0	0	0	0	0	0	0
2487542	0	0	0	0	0	0	0	0	0	0	0	0.0680272108843537	0	0
2557080	0.0379746835443038	0.194174757281553	0	0	0	0	0	0	0	0	0	0	1	0
2595742	0	0	0	0	0.00909090909090909	0.0117647058823529	0	0	0.00819672131147541	0	0	0	0	1
3109477	0	0.03	1	0	0	0	0	0	0	0	0.0113636363636364	1	0	1
3328612	0	0	0	0	0	0	0	0	0	0.0285714285714286	0	0.386363636363636	0	0
3465342	0	0	0	0	0	0	0	0	0	0	0	0	0	1
3596319	0	0	0	0	0	0	0	0	0	0	0	0	1	0
3610963	0	0.0280373831775701	0	0	0	0	0.0106382978723404	0	0.0206185567010309	0.0638297872340425	0	0.0192307692307692	0	1
3743375	0	0.00909090909090909	0.976744186046512	0	0.00826446280991736	0.0123456790123457	0	0	0	0.0169491525423729	0	0.989130434782609	0.0208333333333333	1
3873635	0	0	0	0	0	0	0	0	0	0	0	0	0	0.984
4132090	0	0.537037037037037	0	0.0149253731343284	0.0101010101010101	0	0	0	0.0106382978723404	0	0.0175438596491228	0	0	0
4837565	0	0	0	0	0.0198019801980198	0	0.00689655172413793	0	0	0	0	0	0	1
4840331	0	0.0252100840336134	1	0	0	0.0102040816326531	0	0	0	0.0294117647058824	0	1	0.0169491525423729	1
4847552	0	0.0155038759689922	0.984615384615385	0	0	0	0	0	0	0	0	0.985611510791367	0	0.992700729927007
4857519	0.423076923076923	0.583333333333333	0.431818181818182	0.423529411764706	0.456140350877193	0.333333333333333	0.4609375	0.47244094488189	0.512	0.5	0.525423728813559	0.585106382978723	0.483333333333333	0.473988439306358